Tunisia,Population
Tunis,1071000
Ariana,674007
Ben Arous,725570
Manouba,419007
Nabeul,864612
Zaghouan,201702
Bizerte,607306
Beja,311350
Jendouba,403159
Kef,236802
Siliana,215494
Sousse,765624
Monastir,601650
Mahdia,450411
Sfax,1049763
Kairouan,600565
Kasserine,494185
Sidi Bouzid,491358
Gabes,412213
Medenine,539719
Tataouine,163300
Gafsa,389601
Tozeur,120386
Kebili,184061
